000000000000000000000000011111
000000000000000000000000011111
000000000000000000000000011111
000000000000000000000000011111
000000000000000000000000011111
000000000000000000000000011111
000000000000000000000000011111
000000000000000000000000011111
000000000000000000000000011111
000000000000000000000000011111
000000000000000000000000000000
000000000000000000000000000000
000000000000000000000000000000
000000000000000000000000000000
000000000000000000000000000000
000000000000000000000000000000
000000000000000000000000000000
000000000000000000000000000000
000000000000000000000000000000
000000000000000000000000000000